{
    "graph": [
        [
            "world",
            "shelf1",
            {
                "extras": {
                    "joint": {
                        "name": "shelf1/world_fixed_joint",
                        "type": "fixed"
                    }
                },
                "matrix": [
                    [
                        1.0,
                        0.0,
                        0.0,
                        0.0
                    ],
                    [
                        0.0,
                        1.0,
                        0.0,
                        1.55
                    ],
                    [
                        0.0,
                        0.0,
                        1.0,
                        0.0
                    ],
                    [
                        0.0,
                        0.0,
                        0.0,
                        1.0
                    ]
                ]
            }
        ],
        [
            "shelf1",
            "shelf1/board_0",
            {
                "geometry": "shelf1/board_0",
                "extras": null,
                "matrix": [
                    [
                        1.0,
                        0.0,
                        0.0,
                        0.0
                    ],
                    [
                        0.0,
                        1.0,
                        0.0,
                        0.0
                    ],
                    [
                        0.0,
                        0.0,
                        1.0,
                        0.0
                    ],
                    [
                        0.0,
                        0.0,
                        0.0,
                        1.0
                    ]
                ]
            }
        ],
        [
            "shelf1",
            "shelf1/board_1",
            {
                "geometry": "shelf1/board_1",
                "extras": null,
                "matrix": [
                    [
                        1.0,
                        0.0,
                        0.0,
                        0.0
                    ],
                    [
                        0.0,
                        1.0,
                        0.0,
                        0.0
                    ],
                    [
                        0.0,
                        0.0,
                        1.0,
                        0.0
                    ],
                    [
                        0.0,
                        0.0,
                        0.0,
                        1.0
                    ]
                ]
            }
        ],
        [
            "shelf1",
            "shelf1/board_2",
            {
                "geometry": "shelf1/board_2",
                "extras": null,
                "matrix": [
                    [
                        1.0,
                        0.0,
                        0.0,
                        0.0
                    ],
                    [
                        0.0,
                        1.0,
                        0.0,
                        0.0
                    ],
                    [
                        0.0,
                        0.0,
                        1.0,
                        0.0
                    ],
                    [
                        0.0,
                        0.0,
                        0.0,
                        1.0
                    ]
                ]
            }
        ],
        [
            "shelf1",
            "shelf1/board_3",
            {
                "geometry": "shelf1/board_3",
                "extras": null,
                "matrix": [
                    [
                        1.0,
                        0.0,
                        0.0,
                        0.0
                    ],
                    [
                        0.0,
                        1.0,
                        0.0,
                        0.0
                    ],
                    [
                        0.0,
                        0.0,
                        1.0,
                        0.0
                    ],
                    [
                        0.0,
                        0.0,
                        0.0,
                        1.0
                    ]
                ]
            }
        ],
        [
            "shelf1",
            "shelf1/board_4",
            {
                "geometry": "shelf1/board_4",
                "extras": null,
                "matrix": [
                    [
                        1.0,
                        0.0,
                        0.0,
                        0.0
                    ],
                    [
                        0.0,
                        1.0,
                        0.0,
                        0.0
                    ],
                    [
                        0.0,
                        0.0,
                        1.0,
                        0.0
                    ],
                    [
                        0.0,
                        0.0,
                        0.0,
                        1.0
                    ]
                ]
            }
        ],
        [
            "shelf1",
            "shelf1/post_0_0",
            {
                "geometry": "shelf1/post_0_0",
                "extras": null,
                "matrix": [
                    [
                        1.0,
                        0.0,
                        0.0,
                        0.0
                    ],
                    [
                        0.0,
                        1.0,
                        0.0,
                        0.0
                    ],
                    [
                        0.0,
                        0.0,
                        1.0,
                        0.0
                    ],
                    [
                        0.0,
                        0.0,
                        0.0,
                        1.0
                    ]
                ]
            }
        ],
        [
            "shelf1",
            "shelf1/post_0_1",
            {
                "geometry": "shelf1/post_0_1",
                "extras": null,
                "matrix": [
                    [
                        1.0,
                        0.0,
                        0.0,
                        0.0
                    ],
                    [
                        0.0,
                        1.0,
                        0.0,
                        0.0
                    ],
                    [
                        0.0,
                        0.0,
                        1.0,
                        0.0
                    ],
                    [
                        0.0,
                        0.0,
                        0.0,
                        1.0
                    ]
                ]
            }
        ],
        [
            "shelf1",
            "shelf1/post_1_0",
            {
                "geometry": "shelf1/post_1_0",
                "extras": null,
                "matrix": [
                    [
                        1.0,
                        0.0,
                        0.0,
                        0.0
                    ],
                    [
                        0.0,
                        1.0,
                        0.0,
                        0.0
                    ],
                    [
                        0.0,
                        0.0,
                        1.0,
                        0.0
                    ],
                    [
                        0.0,
                        0.0,
                        0.0,
                        1.0
                    ]
                ]
            }
        ],
        [
            "shelf1",
            "shelf1/post_1_1",
            {
                "geometry": "shelf1/post_1_1",
                "extras": null,
                "matrix": [
                    [
                        1.0,
                        0.0,
                        0.0,
                        0.0
                    ],
                    [
                        0.0,
                        1.0,
                        0.0,
                        0.0
                    ],
                    [
                        0.0,
                        0.0,
                        1.0,
                        0.0
                    ],
                    [
                        0.0,
                        0.0,
                        0.0,
                        1.0
                    ]
                ]
            }
        ],
        [
            "shelf1/board_0",
            "CokeBottle_1_0_0",
            {
                "extras": {
                    "joint": {
                        "name": "CokeBottle_1_0_0/shelf1_board_0_floating_joint",
                        "type": "floating"
                    }
                },
                "matrix": [
                    [
                        -0.9689297325112247,
                        -0.24733615476861964,
                        0.0,
                        -0.12042443792803759
                    ],
                    [
                        0.24733615476861964,
                        -0.9689297325112247,
                        0.0,
                        -0.2279367882801939
                    ],
                    [
                        0.0,
                        0.0,
                        1.0,
                        0.15962700000000002
                    ],
                    [
                        0.0,
                        0.0,
                        0.0,
                        1.0
                    ]
                ]
            }
        ],
        [
            "CokeBottle_1_0_0",
            "CokeBottle_1_0_0/root",
            {
                "extras": null,
                "matrix": [
                    [
                        1.0,
                        0.0,
                        0.0,
                        6.824199310218725e-09
                    ],
                    [
                        0.0,
                        1.0,
                        0.0,
                        -1.575774996515885e-08
                    ],
                    [
                        0.0,
                        0.0,
                        1.0,
                        0.13747823867222794
                    ],
                    [
                        0.0,
                        0.0,
                        0.0,
                        1.0
                    ]
                ]
            }
        ],
        [
            "CokeBottle_1_0_0/root",
            "CokeBottle_1_0_0/root_Camera",
            {
                "extras": null,
                "matrix": [
                    [
                        0.6859206721548372,
                        -0.3240134548183931,
                        0.6515582188932203,
                        6.623002338409424
                    ],
                    [
                        0.7276763233132273,
                        0.30542086252860806,
                        -0.6141703877765723,
                        -6.233211708068848
                    ],
                    [
                        -4.011331711240018e-09,
                        0.8953956543500368,
                        0.4452714028219976,
                        4.4624782562255865
                    ],
                    [
                        0.0,
                        0.0,
                        0.0,
                        1.0
                    ]
                ]
            }
        ],
        [
            "CokeBottle_1_0_0/root",
            "CokeBottle_1_0_0/root_Soda_Foods_02_0",
            {
                "extras": null,
                "matrix": [
                    [
                        -1.0000000000000002,
                        -1.630715850400988e-23,
                        -1.2246467991473426e-16,
                        0.0
                    ],
                    [
                        1.2246467991473535e-16,
                        -1.331580543606492e-07,
                        -0.9999999999999912,
                        0.0
                    ],
                    [
                        1.232595164407831e-32,
                        -0.9999999999999912,
                        1.331580541386046e-07,
                        0.0
                    ],
                    [
                        0.0,
                        0.0,
                        0.0,
                        1.0
                    ]
                ]
            }
        ],
        [
            "CokeBottle_1_0_0/root",
            "CokeBottle_1_0_0/root__materials",
            {
                "extras": null,
                "matrix": [
                    [
                        1.0,
                        0.0,
                        0.0,
                        0.0
                    ],
                    [
                        0.0,
                        1.0,
                        0.0,
                        0.0
                    ],
                    [
                        0.0,
                        0.0,
                        1.0,
                        0.0
                    ],
                    [
                        0.0,
                        0.0,
                        0.0,
                        1.0
                    ]
                ]
            }
        ],
        [
            "CokeBottle_1_0_0/root_Soda_Foods_02_0",
            "CokeBottle_1_0_0/root_Soda_Foods_02_0_Soda_Foods_02_0_001",
            {
                "geometry": "CokeBottle_1_0_0/Soda_Foods_02_0_001",
                "extras": null,
                "matrix": [
                    [
                        1.0,
                        -9.45008874671671e-40,
                        -1.0575196833740104e-32,
                        0.0
                    ],
                    [
                        4.633056841705685e-40,
                        1.0,
                        1.8010798477032556e-23,
                        0.0
                    ],
                    [
                        3.02111571992157e-33,
                        -2.3242492939060164e-23,
                        1.0,
                        0.0
                    ],
                    [
                        0.0,
                        0.0,
                        0.0,
                        1.0
                    ]
                ]
            }
        ],
        [
            "shelf1/board_0",
            "baby_1_0_0",
            {
                "extras": {
                    "joint": {
                        "name": "baby_1_0_0/shelf1_board_0_floating_joint",
                        "type": "floating"
                    }
                },
                "matrix": [
                    [
                        0.7744852371299931,
                        -0.6325919834045468,
                        0.0,
                        -0.5447542807438006
                    ],
                    [
                        0.6325919834045468,
                        0.7744852371299931,
                        0.0,
                        -0.234410541017663
                    ],
                    [
                        0.0,
                        0.0,
                        1.0,
                        0.15962700000000002
                    ],
                    [
                        0.0,
                        0.0,
                        0.0,
                        1.0
                    ]
                ]
            }
        ],
        [
            "baby_1_0_0",
            "baby_1_0_0/root",
            {
                "extras": null,
                "matrix": [
                    [
                        1.0,
                        0.0,
                        0.0,
                        7.258416820163983e-06
                    ],
                    [
                        0.0,
                        1.0,
                        0.0,
                        -2.1548967969772343e-06
                    ],
                    [
                        0.0,
                        0.0,
                        1.0,
                        1.5749765124083372e-08
                    ],
                    [
                        0.0,
                        0.0,
                        0.0,
                        1.0
                    ]
                ]
            }
        ],
        [
            "baby_1_0_0/root",
            "baby_1_0_0/root_Camera",
            {
                "extras": null,
                "matrix": [
                    [
                        0.6859206721548372,
                        -0.3240134548183931,
                        0.6515582188932203,
                        7.358891487121582
                    ],
                    [
                        0.7276763233132273,
                        0.30542086252860806,
                        -0.6141703877765723,
                        -6.925790786743164
                    ],
                    [
                        -4.011331711240018e-09,
                        0.8953956543500368,
                        0.4452714028219976,
                        4.958309173583984
                    ],
                    [
                        0.0,
                        0.0,
                        0.0,
                        1.0
                    ]
                ]
            }
        ],
        [
            "baby_1_0_0/root",
            "baby_1_0_0/root_Light",
            {
                "extras": null,
                "matrix": [
                    [
                        -0.29086464266406775,
                        -0.77110081582496,
                        0.5663932304344614,
                        4.076245307922363
                    ],
                    [
                        0.9551711492390634,
                        -0.1998833339437298,
                        0.21839122801263278,
                        1.0054539442062378
                    ],
                    [
                        -0.05518908686715657,
                        0.6045247593321716,
                        0.7946722469327523,
                        5.903861999511719
                    ],
                    [
                        0.0,
                        0.0,
                        0.0,
                        1.0
                    ]
                ]
            }
        ],
        [
            "baby_1_0_0/root",
            "baby_1_0_0/root_Sketchfab_model",
            {
                "extras": null,
                "matrix": [
                    [
                        -1.0000000000000002,
                        2.7755550262353268e-17,
                        3.91979691185651e-17,
                        0.0
                    ],
                    [
                        3.919796542268969e-17,
                        -1.331580543606492e-07,
                        0.9999999999999912,
                        0.0
                    ],
                    [
                        2.7755555481878318e-17,
                        0.9999999999999912,
                        1.331580541386046e-07,
                        0.0
                    ],
                    [
                        0.0,
                        0.0,
                        0.0,
                        1.0
                    ]
                ]
            }
        ],
        [
            "baby_1_0_0/root_Sketchfab_model",
            "baby_1_0_0/root_Sketchfab_model__f40ee3604c24a9792917cf0f3d0efd1_fbx",
            {
                "extras": null,
                "matrix": [
                    [
                        1.0,
                        0.0,
                        0.0,
                        0.0
                    ],
                    [
                        0.0,
                        -2.663161087212984e-07,
                        -0.9999999999999645,
                        0.0
                    ],
                    [
                        0.0,
                        0.9999999999999645,
                        -2.663161087212984e-07,
                        0.0
                    ],
                    [
                        0.0,
                        0.0,
                        0.0,
                        1.0
                    ]
                ]
            }
        ],
        [
            "baby_1_0_0/root_Sketchfab_model__f40ee3604c24a9792917cf0f3d0efd1_fbx",
            "baby_1_0_0/root_Sketchfab_model__f40ee3604c24a9792917cf0f3d0efd1_fbx_RootNode",
            {
                "extras": null,
                "matrix": [
                    [
                        1.0,
                        0.0,
                        0.0,
                        0.0
                    ],
                    [
                        0.0,
                        1.0,
                        0.0,
                        0.0
                    ],
                    [
                        0.0,
                        0.0,
                        1.0,
                        0.0
                    ],
                    [
                        0.0,
                        0.0,
                        0.0,
                        1.0
                    ]
                ]
            }
        ],
        [
            "baby_1_0_0/root_Sketchfab_model__f40ee3604c24a9792917cf0f3d0efd1_fbx_RootNode",
            "baby_1_0_0/root_Sketchfab_model__f40ee3604c24a9792917cf0f3d0efd1_fbx_RootNode_Cylindre",
            {
                "extras": null,
                "matrix": [
                    [
                        1.0,
                        0.0,
                        0.0,
                        0.0
                    ],
                    [
                        0.0,
                        -2.663161087212984e-07,
                        0.9999999999999647,
                        0.0
                    ],
                    [
                        0.0,
                        -0.9999999999999647,
                        -2.663161087212984e-07,
                        0.0
                    ],
                    [
                        0.0,
                        0.0,
                        0.0,
                        1.0
                    ]
                ]
            }
        ],
        [
            "baby_1_0_0/root",
            "baby_1_0_0/root_Sketchfab_model_001",
            {
                "extras": null,
                "matrix": [
                    [
                        1.0,
                        0.0,
                        0.0,
                        0.0
                    ],
                    [
                        0.0,
                        -1.0000000000000004,
                        -1.2246467991473535e-16,
                        0.0
                    ],
                    [
                        0.0,
                        1.2246467991473535e-16,
                        -1.0000000000000004,
                        0.0
                    ],
                    [
                        0.0,
                        0.0,
                        0.0,
                        1.0
                    ]
                ]
            }
        ],
        [
            "baby_1_0_0/root_Sketchfab_model_001",
            "baby_1_0_0/root_Sketchfab_model_001_fdeece216c9f4747a9bff8dd2e7a3e06_fbx",
            {
                "extras": null,
                "matrix": [
                    [
                        1.0,
                        0.0,
                        0.0,
                        0.0
                    ],
                    [
                        0.0,
                        -2.663161087212984e-07,
                        -0.9999999999999647,
                        0.0
                    ],
                    [
                        0.0,
                        0.9999999999999647,
                        -2.663161087212984e-07,
                        0.0
                    ],
                    [
                        0.0,
                        0.0,
                        0.0,
                        1.0
                    ]
                ]
            }
        ],
        [
            "baby_1_0_0/root_Sketchfab_model_001_fdeece216c9f4747a9bff8dd2e7a3e06_fbx",
            "baby_1_0_0/root_Sketchfab_model_001_fdeece216c9f4747a9bff8dd2e7a3e06_fbx_RootNode_001",
            {
                "extras": null,
                "matrix": [
                    [
                        1.0,
                        0.0,
                        0.0,
                        0.0
                    ],
                    [
                        0.0,
                        1.0,
                        0.0,
                        0.0
                    ],
                    [
                        0.0,
                        0.0,
                        1.0,
                        0.0
                    ],
                    [
                        0.0,
                        0.0,
                        0.0,
                        1.0
                    ]
                ]
            }
        ],
        [
            "baby_1_0_0/root_Sketchfab_model_001_fdeece216c9f4747a9bff8dd2e7a3e06_fbx_RootNode_001",
            "baby_1_0_0/root_Sketchfab_model_001_fdeece216c9f4747a9bff8dd2e7a3e06_fbx_RootNode_001_baby_food_pack_oatmeal_LOD00",
            {
                "extras": null,
                "matrix": [
                    [
                        1.0,
                        0.0,
                        0.0,
                        0.0
                    ],
                    [
                        0.0,
                        1.0,
                        0.0,
                        0.0
                    ],
                    [
                        0.0,
                        0.0,
                        1.0,
                        0.0
                    ],
                    [
                        0.0,
                        0.0,
                        0.0,
                        1.0
                    ]
                ]
            }
        ],
        [
            "baby_1_0_0/root_Sketchfab_model_001_fdeece216c9f4747a9bff8dd2e7a3e06_fbx_RootNode_001_baby_food_pack_oatmeal_LOD00",
            "baby_1_0_0/root_Sketchfab_model_001_fdeece216c9f4747a9bff8dd2e7a3e06_fbx_RootNode_001_baby_food_pack_oatmeal_LOD00_baby_food_pack_oatmeal_LOD00_baby_food_001_M_0",
            {
                "extras": null,
                "matrix": [
                    [
                        1.0,
                        0.0,
                        0.0,
                        0.0
                    ],
                    [
                        0.0,
                        -2.663161087212984e-07,
                        -0.9999999999999647,
                        0.0
                    ],
                    [
                        0.0,
                        0.9999999999999647,
                        -2.663161087212984e-07,
                        0.0
                    ],
                    [
                        0.0,
                        0.0,
                        0.0,
                        1.0
                    ]
                ]
            }
        ],
        [
            "baby_1_0_0/root",
            "baby_1_0_0/root__materials",
            {
                "extras": null,
                "matrix": [
                    [
                        1.0,
                        0.0,
                        0.0,
                        0.0
                    ],
                    [
                        0.0,
                        1.0,
                        0.0,
                        0.0
                    ],
                    [
                        0.0,
                        0.0,
                        1.0,
                        0.0
                    ],
                    [
                        0.0,
                        0.0,
                        0.0,
                        1.0
                    ]
                ]
            }
        ],
        [
            "baby_1_0_0/root_Sketchfab_model_001_fdeece216c9f4747a9bff8dd2e7a3e06_fbx_RootNode_001_baby_food_pack_oatmeal_LOD00_baby_food_pack_oatmeal_LOD00_baby_food_001_M_0",
            "baby_1_0_0/root_Sketchfab_model_001_fdeece216c9f4747a9bff8dd2e7a3e06_fbx_RootNode_001_baby_food_pack_oatmeal_LOD00_baby_food_pack_oatmeal_LOD00_baby_food_001_M_0_baby_food_pack_oatmeal_LOD00_baby_food_001_M_0",
            {
                "geometry": "baby_1_0_0/baby_food_pack_oatmeal_LOD00_baby_food_001_M_0",
                "extras": null,
                "matrix": [
                    [
                        1.0,
                        0.0,
                        0.0,
                        0.0
                    ],
                    [
                        0.0,
                        1.0,
                        0.0,
                        0.0
                    ],
                    [
                        0.0,
                        0.0,
                        1.0,
                        0.0
                    ],
                    [
                        0.0,
                        0.0,
                        0.0,
                        1.0
                    ]
                ]
            }
        ],
        [
            "shelf1/board_0",
            "banana_1_0_0",
            {
                "extras": {
                    "joint": {
                        "name": "banana_1_0_0/shelf1_board_0_floating_joint",
                        "type": "floating"
                    }
                },
                "matrix": [
                    [
                        0.7921478811561292,
                        -0.6103292016443708,
                        0.0,
                        0.06147727281998039
                    ],
                    [
                        0.6103292016443708,
                        0.7921478811561292,
                        0.0,
                        -0.22888149431278404
                    ],
                    [
                        0.0,
                        0.0,
                        1.0,
                        0.15962700000000002
                    ],
                    [
                        0.0,
                        0.0,
                        0.0,
                        1.0
                    ]
                ]
            }
        ],
        [
            "banana_1_0_0",
            "banana_1_0_0/root",
            {
                "extras": null,
                "matrix": [
                    [
                        1.0,
                        0.0,
                        0.0,
                        0.031165927706579038
                    ],
                    [
                        0.0,
                        1.0,
                        0.0,
                        -0.017339859136700886
                    ],
                    [
                        0.0,
                        0.0,
                        1.0,
                        -0.17911759036035382
                    ],
                    [
                        0.0,
                        0.0,
                        0.0,
                        1.0
                    ]
                ]
            }
        ],
        [
            "banana_1_0_0/root",
            "banana_1_0_0/root_Camera",
            {
                "extras": null,
                "matrix": [
                    [
                        0.6859206721548372,
                        -0.3240134548183931,
                        0.6515582188932203,
                        11.038337230682373
                    ],
                    [
                        0.7276763233132273,
                        0.30542086252860806,
                        -0.6141703877765723,
                        -10.388686180114746
                    ],
                    [
                        -4.011331711240018e-09,
                        0.8953956543500368,
                        0.4452714028219976,
                        7.437463760375977
                    ],
                    [
                        0.0,
                        0.0,
                        0.0,
                        1.0
                    ]
                ]
            }
        ],
        [
            "banana_1_0_0/root",
            "banana_1_0_0/root_Camera_001",
            {
                "extras": null,
                "matrix": [
                    [
                        0.6859207690507934,
                        -0.3240133787471362,
                        0.6515581547165479,
                        11.038337230682373
                    ],
                    [
                        0.7276762319773571,
                        0.30542094323071184,
                        -0.6141704558600146,
                        -10.388686180114746
                    ],
                    [
                        -6.16533180619605e-08,
                        0.8953956543500351,
                        0.44527140282199684,
                        7.437463760375977
                    ],
                    [
                        0.0,
                        0.0,
                        0.0,
                        1.0
                    ]
                ]
            }
        ],
        [
            "banana_1_0_0/root",
            "banana_1_0_0/root_Light",
            {
                "extras": null,
                "matrix": [
                    [
                        -0.2908645150070358,
                        -0.7711007721507896,
                        0.5663933554502361,
                        6.114367961883545
                    ],
                    [
                        0.9551711864321804,
                        -0.19988318533981286,
                        0.2183912013524142,
                        1.5081809163093567
                    ],
                    [
                        -0.05518911595108711,
                        0.6045248641758796,
                        0.7946721651559666,
                        8.855792999267578
                    ],
                    [
                        0.0,
                        0.0,
                        0.0,
                        1.0
                    ]
                ]
            }
        ],
        [
            "banana_1_0_0/root",
            "banana_1_0_0/root_Sketchfab_model",
            {
                "extras": null,
                "matrix": [
                    [
                        -0.9999999999999654,
                        -7.1258779781427e-14,
                        2.6631610877212287e-07,
                        0.0
                    ],
                    [
                        2.663161087721324e-07,
                        -2.663161096094768e-07,
                        0.9999999999999294,
                        0.0
                    ],
                    [
                        -3.3450988095275387e-16,
                        0.9999999999999649,
                        2.663161087212984e-07,
                        0.0
                    ],
                    [
                        0.0,
                        0.0,
                        0.0,
                        1.0
                    ]
                ]
            }
        ],
        [
            "banana_1_0_0/root_Sketchfab_model",
            "banana_1_0_0/root_Sketchfab_model__f40ee3604c24a9792917cf0f3d0efd1_fbx",
            {
                "extras": null,
                "matrix": [
                    [
                        1.0,
                        -5.551113907961685e-15,
                        5.4250321497922295e-22,
                        0.0
                    ],
                    [
                        -9.358478446408787e-22,
                        -2.6631610872129835e-07,
                        -0.9999999999999644,
                        0.0
                    ],
                    [
                        5.551113892639907e-15,
                        0.9999999999999645,
                        -2.663161087212983e-07,
                        0.0
                    ],
                    [
                        0.0,
                        0.0,
                        0.0,
                        1.0
                    ]
                ]
            }
        ],
        [
            "banana_1_0_0/root_Sketchfab_model__f40ee3604c24a9792917cf0f3d0efd1_fbx",
            "banana_1_0_0/root_Sketchfab_model__f40ee3604c24a9792917cf0f3d0efd1_fbx_RootNode",
            {
                "extras": null,
                "matrix": [
                    [
                        1.0,
                        -2.445958826128957e-24,
                        -2.433164457856153e-32,
                        0.0
                    ],
                    [
                        8.53757751174729e-24,
                        1.0,
                        -2.0911125424323043e-36,
                        0.0
                    ],
                    [
                        2.4331619252862155e-32,
                        -8.483721544536807e-39,
                        1.0,
                        0.0
                    ],
                    [
                        0.0,
                        0.0,
                        0.0,
                        1.0
                    ]
                ]
            }
        ],
        [
            "banana_1_0_0/root_Sketchfab_model__f40ee3604c24a9792917cf0f3d0efd1_fbx_RootNode",
            "banana_1_0_0/root_Sketchfab_model__f40ee3604c24a9792917cf0f3d0efd1_fbx_RootNode_Cylindre",
            {
                "extras": null,
                "matrix": [
                    [
                        1.0,
                        -4.584143119117673e-15,
                        -4.584148392882073e-15,
                        0.0
                    ],
                    [
                        4.584147189517138e-15,
                        -2.663161087212984e-07,
                        0.9999999999999646,
                        0.0
                    ],
                    [
                        -4.584144339950066e-15,
                        -0.9999999999999647,
                        -2.6631610872129846e-07,
                        0.0
                    ],
                    [
                        0.0,
                        0.0,
                        0.0,
                        1.0
                    ]
                ]
            }
        ],
        [
            "banana_1_0_0/root",
            "banana_1_0_0/root_Sketchfab_model_001",
            {
                "extras": null,
                "matrix": [
                    [
                        2.7755575615628914e-16,
                        -0.9999999999999911,
                        1.331580545826938e-07,
                        0.0
                    ],
                    [
                        1.6653345369377348e-16,
                        1.3315805452718266e-07,
                        0.9999999999999911,
                        0.0
                    ],
                    [
                        -1.0,
                        -3.3306690738754696e-16,
                        1.1102230246251565e-16,
                        0.0
                    ],
                    [
                        0.0,
